cs 1  0  0  0  0  0  0  0  0  0  0  
de 0  1  0  0  0  0  0  0  0  0  0  
en 0.1146953405   0.1218637993   0  0.1218637993        0.09677419355   0.1254480287    0.07885304659   0.08602150538   0.1254480287 0.1290322581  0
es 0  0  0  1  0  0  0  0  0  0  0  
fr 0  0  0  0  1  0  0  0  0  0  0  
fi 0  0  0  0  0  1  0  0  0  0  0  
ga 0  0  0  0  0  0  1  0  0  0  0  
hu 0  0  0  0  0  0  0  1  0  0  0  
it 0  0  0  0  0  0  0  0  1  0  0  
sv 0  0  0  0  0  0  0  0  0  1  0  
__ 0  0  0  0  0  0  0  0  0  0  1  
