cs 1  0  0  0  0  0  0  0  0  0  0  
de 0  1  0  0  0  0  0  0  0  0  0  
en 0  0  1  0  0  0  0  0  0  0  0  
es 0  0  0  1  0  0  0  0  0  0  0  
fr 0  0  0  0  1  0  0  0  0  0  0  
fi 0  0  0  0  0  1  0  0  0  0  0  
ga 0  0  0  0  0  0  1  0  0  0  0  
hu 0  0  0  0  0  0  0  1  0  0  0  
it 0  0  0  0  0  0  0  0  1  0  0  
sv 0.1194539249   0.1194539249   0.1228668942   0.1126279863    0.1160409556    0.1160409556    0.07849829352   0.09215017065 0.1228668942 0  0
__ 0  0  0  0  0  0  0  0  0  0  1  
