cs 1  0  0  0  0  0  0  0  0  0  0  
de 0  1  0  0  0  0  0  0  0  0  0  
en 0  0  1  0  0  0  0  0  0  0  0  
es 0  0  0  1  0  0  0  0  0  0  0  
fr 0  0  0  0  1  0  0  0  0  0  0  
fi 0  0  0  0  0  1  0  0  0  0  0  
ga 0  0  0  0  0  0  1  0  0  0  0  
hu 0  0  0  0  0  0  0  1  0  0  0  
it 0.1063122924   0.1129568106   0.1162790698   0.1395348837    0.08970099668   0.1362126246    0.09966777409   0.07973421927 0 0.1196013289 0  
sv 0  0  0  0  0  0  0  0  0  1  0  
__ 0  0  0  0  0  0  0  0  0  0  1  
