cs 1  0  0  0  0  0  0  0  0  0  0  
de 0  1  0  0  0  0  0  0  0  0  0  
en 0  0  1  0  0  0  0  0  0  0  0  
es 0  0  0  1  0  0  0  0  0  0  0  
fi 0.140077821 0.09338521401  0.1050583658      0.1089494163    0       0.1050583658    0.07003891051   0.140077821     0.1050583658 0.1322957198  0
fr 0  0  0  0  0  1  0  0  0  0  0  
ga 0  0  0  0  0  0  1  0  0  0  0  
hu 0  0  0  0  0  0  0  1  0  0  0  
it 0  0  0  0  0  0  0  0  1  0  0  
sv 0  0  0  0  0  0  0  0  0  1  0  
__ 0  0  0  0  0  0  0  0  0  0  1  
