cs 1  0  0  0  0  0  0  0  0  0  0  
de 0.1135531136   0  0.1245421245   0.1135531136        0.08791208791   0.1172161172    0.08424908425   0.1062271062    0.1245421245 0.1282051282  0
en 0  0  1  0  0  0  0  0  0  0  0  
es 0  0  0  1  0  0  0  0  0  0  0  
fr 0  0  0  0  1  0  0  0  0  0  0  
fi 0  0  0  0  0  1  0  0  0  0  0  
ga 0  0  0  0  0  0  1  0  0  0  0  
hu 0  0  0  0  0  0  0  1  0  0  0  
it 0  0  0  0  0  0  0  0  1  0  0  
sv 0  0  0  0  0  0  0  0  0  1  0  
__ 0  0  0  0  0  0  0  0  0  0  1  
