cs 1  0  0  0  0  0  0  0  0  0  0  
de 0  1  0  0  0  0  0  0  0  0  0  
en 0  0  1  0  0  0  0  0  0  0  0  
es 0  0  0  1  0  0  0  0  0  0  0  
fr 0  0  0  0  1  0  0  0  0  0  0  
fi 0  0  0  0  0  1  0  0  0  0  0  
ga 0.1069767442   0.1069767442   0.1023255814   0.1348837209    0.08372093023   0.1302325581    0       0.08837209302   0.1395348837 0.1069767442 0  
hu 0  0  0  0  0  0  0  1  0  0  0  
it 0  0  0  0  0  0  0  0  1  0  0  
sv 0  0  0  0  0  0  0  0  0  1  0  
__ 0  0  0  0  0  0  0  0  0  0  1  
