cs 1  0  0  0  0  0  0  0  0  0  0  
de 0  1  0  0  0  0  0  0  0  0  0  
en 0  0  1  0  0  0  0  0  0  0  0  
es 0  0  0  1  0  0  0  0  0  0  0  
fr 0.09556313993  0.1092150171   0.1194539249   0.156996587     0.09215017065   0       0.09556313993   0.07508532423   0.1399317406 0.1160409556  
fi 0  0  0  0  0  1  0  0  0  0  0  
ga 0  0  0  0  0  0  1  0  0  0  0  
hu 0  0  0  0  0  0  0  1  0  0  0  
it 0  0  0  0  0  0  0  0  1  0  0  
sv 0  0  0  0  0  0  0  0  0  1  0  
__ 0  0  0  0  0  0  0  0  0  0  1  
